Using custom data configuration default
Reusing dataset trec (/root/.cache/huggingface/datasets/trec/default/1.1.0/751da1ab101b8d297a3d6e9c79ee9b0173ff94c4497b75677b59b61d5467a9b9)
Using custom data configuration default
Reusing dataset trec (/root/.cache/huggingface/datasets/trec/default/1.1.0/751da1ab101b8d297a3d6e9c79ee9b0173ff94c4497b75677b59b61d5467a9b9)
load model
model loaded
prepare_dataset
5452
500
load classifier from training epoch 3
evaluation started
[   24] loss:, [3.586, 3.547, 3.525, 3.439, 3.291, 3.454, 3.544]
[   49] loss:, [3.554, 3.523, 3.508, 3.445, 3.265, 3.38, 3.471]
[   74] loss:, [3.526, 3.483, 3.476, 3.397, 3.194, 3.369, 3.458]
[   99] loss:, [3.496, 3.453, 3.449, 3.37, 3.192, 3.345, 3.431]
[  124] loss:, [3.501, 3.461, 3.458, 3.377, 3.193, 3.338, 3.439]
[  149] loss:, [3.503, 3.466, 3.464, 3.388, 3.2, 3.326, 3.425]
[  174] loss:, [3.49, 3.453, 3.45, 3.363, 3.172, 3.309, 3.403]
[  199] loss:, [3.504, 3.466, 3.463, 3.375, 3.186, 3.314, 3.407]
[  224] loss:, [3.505, 3.468, 3.466, 3.376, 3.183, 3.319, 3.418]
[  249] loss:, [3.484, 3.445, 3.445, 3.357, 3.169, 3.302, 3.403]
[  274] loss:, [3.489, 3.45, 3.45, 3.364, 3.178, 3.306, 3.406]
[  299] loss:, [3.491, 3.45, 3.451, 3.367, 3.174, 3.307, 3.404]
[  324] loss:, [3.479, 3.437, 3.438, 3.349, 3.156, 3.288, 3.385]
[  349] loss:, [3.485, 3.445, 3.446, 3.357, 3.157, 3.296, 3.392]
[  374] loss:, [3.495, 3.457, 3.457, 3.372, 3.169, 3.306, 3.401]
[  399] loss:, [3.49, 3.452, 3.452, 3.367, 3.166, 3.296, 3.39]
[  424] loss:, [3.491, 3.452, 3.452, 3.364, 3.166, 3.296, 3.388]
[  449] loss:, [3.488, 3.451, 3.449, 3.361, 3.159, 3.292, 3.384]
[  474] loss:, [3.49, 3.454, 3.454, 3.365, 3.162, 3.297, 3.387]
[  499] loss:, [3.498, 3.46, 3.459, 3.372, 3.17, 3.304, 3.395]
training finished